0 0.26328125 0.25859375 0.0828125 0.18984375
0 0.35859375 0.24453125 0.08125 0.2015625
0 0.2640625 0.45234375 0.0828125 0.19375
0 0.3609375 0.446875 0.090625 0.20546875
0 0.27109375 0.65078125 0.08203125 0.19296875
0 0.36953125 0.65625 0.0875 0.21640625
0 0.28203125 0.84453125 0.07890625 0.1875
0 0.37421875 0.853125 0.08671875 0.190625
0 0.453125 0.228125 0.0875 0.1890625
0 0.45390625 0.434375 0.09453125 0.20234375
0 0.4609375 0.64140625 0.09140625 0.2140625
0 0.46484375 0.84921875 0.08671875 0.196875
0 0.54765625 0.23203125 0.0875 0.19609375
0 0.55390625 0.42578125 0.08828125 0.19375
0 0.5578125 0.640625 0.08828125 0.2109375
0 0.56015625 0.83515625 0.09140625 0.18828125
0 0.63828125 0.225 0.084375 0.1875
0 0.64375 0.42578125 0.090625 0.2140625
0 0.6453125 0.6390625 0.084375 0.20703125
0 0.64453125 0.8234375 0.08046875 0.18515625
0 0.72265625 0.8078125 0.07734375 0.1859375
0 0.72734375 0.6296875 0.0765625 0.190625
0 0.72734375 0.4296875 0.0796875 0.196875
0 0.72265625 0.23671875 0.0828125 0.1765625