1 0.740625 0.2765625 0.078125 0.1984375
1 0.64609375 0.25390625 0.08828125 0.215625
1 0.55234375 0.24375 0.090625 0.20234375
1 0.45625 0.24453125 0.08671875 0.19140625
1 0.36640625 0.23671875 0.090625 0.1984375
1 0.2828125 0.23828125 0.078125 0.18984375
1 0.7390625 0.471875 0.08359375 0.19296875
1 0.64140625 0.46796875 0.090625 0.21015625
1 0.54765625 0.4578125 0.0890625 0.209375
1 0.44921875 0.44375 0.08828125 0.1984375
1 0.36171875 0.43046875 0.08515625 0.19296875
1 0.27734375 0.4296875 0.0765625 0.2015625
1 0.73046875 0.665625 0.0796875 0.1953125
1 0.634375 0.671875 0.0875 0.2015625
1 0.54140625 0.66953125 0.0875 0.20703125
1 0.4453125 0.64921875 0.08828125 0.20546875
1 0.3578125 0.63671875 0.08515625 0.20625
1 0.27578125 0.625 0.0796875 0.19375
1 0.7203125 0.85078125 0.0796875 0.18125
1 0.62421875 0.8625 0.0859375 0.18515625
1 0.5359375 0.8640625 0.0921875 0.1953125
1 0.4421875 0.84140625 0.0828125 0.18515625
1 0.359375 0.8359375 0.0828125 0.17421875
1 0.2796875 0.81171875 0.07734375 0.1828125