1 0.2578125 0.2703125 0.0796875 0.19921875
1 0.35078125 0.25390625 0.08515625 0.20546875
1 0.4453125 0.25625 0.090625 0.2078125
1 0.53984375 0.25859375 0.0859375 0.1921875
1 0.6296875 0.24921875 0.0828125 0.1890625
1 0.71328125 0.2453125 0.075 0.18984375
1 0.25859375 0.47578125 0.08359375 0.196875
1 0.353125 0.46875 0.08984375 0.23125
1 0.44921875 0.4609375 0.090625 0.209375
1 0.54609375 0.45625 0.090625 0.21484375
1 0.6359375 0.4421875 0.0828125 0.20859375
1 0.71875 0.4328125 0.0796875 0.190625
1 0.26640625 0.67109375 0.08046875 0.20625
1 0.3609375 0.6765625 0.08828125 0.20546875
1 0.45234375 0.67265625 0.08984375 0.209375
1 0.55 0.6609375 0.0921875 0.1953125
1 0.63671875 0.64453125 0.084375 0.20078125
1 0.72109375 0.63046875 0.0859375 0.20703125
1 0.275 0.85703125 0.08125 0.17890625
1 0.36875 0.8625 0.0875 0.1828125
1 0.4578125 0.8640625 0.08671875 0.1796875
1 0.5515625 0.84921875 0.08671875 0.19375
1 0.6375 0.83984375 0.084375 0.19765625
1 0.715625 0.81875 0.075 0.1734375