1 0.2609375 0.27578125 0.0828125 0.18828125
1 0.3546875 0.26328125 0.0890625 0.1953125
1 0.45 0.246875 0.08671875 0.1921875
1 0.54375 0.24609375 0.09296875 0.209375
1 0.63359375 0.23125 0.0875 0.2171875
1 0.7171875 0.23828125 0.07890625 0.18984375
1 0.2625 0.47890625 0.08359375 0.2046875
1 0.35859375 0.4671875 0.08984375 0.2109375
1 0.453125 0.46015625 0.09296875 0.21171875
1 0.553125 0.45 0.090625 0.21328125
1 0.640625 0.440625 0.0828125 0.196875
1 0.72421875 0.43203125 0.08359375 0.20859375
1 0.27265625 0.6734375 0.0828125 0.1921875
1 0.3671875 0.67421875 0.08828125 0.20625
1 0.459375 0.66875 0.08984375 0.203125
1 0.55625 0.6546875 0.09453125 0.2015625
1 0.6453125 0.6390625 0.084375 0.20390625
1 0.728125 0.63125 0.08203125 0.19453125
1 0.28203125 0.859375 0.0828125 0.18515625
1 0.3765625 0.865625 0.08203125 0.18984375
1 0.465625 0.8609375 0.08046875 0.16953125
1 0.56015625 0.8453125 0.0859375 0.18671875
1 0.646875 0.83359375 0.08515625 0.184375
1 0.7234375 0.8125 0.0703125 0.17734375