1 0.2578125 0.27109375 0.078125 0.2015625
1 0.3515625 0.2546875 0.0859375 0.20390625
1 0.44609375 0.25703125 0.09140625 0.20859375
1 0.53984375 0.25703125 0.08515625 0.19375
1 0.6296875 0.24453125 0.08359375 0.18203125
1 0.7140625 0.24609375 0.07734375 0.19140625
1 0.2578125 0.47421875 0.084375 0.19765625
1 0.353125 0.46640625 0.08984375 0.23515625
1 0.44765625 0.4609375 0.0921875 0.2125
1 0.54765625 0.45390625 0.0890625 0.2125
1 0.6359375 0.44140625 0.08359375 0.209375
1 0.71953125 0.434375 0.08046875 0.18828125
1 0.26640625 0.671875 0.08046875 0.20390625
1 0.36015625 0.6765625 0.08828125 0.20546875
1 0.45234375 0.67265625 0.08671875 0.209375
1 0.5484375 0.659375 0.09296875 0.203125
1 0.6375 0.64453125 0.08359375 0.20078125
1 0.721875 0.6296875 0.08515625 0.20859375
1 0.27578125 0.8546875 0.078125 0.17890625
1 0.36953125 0.86328125 0.0875 0.1828125
1 0.45859375 0.86328125 0.08515625 0.1828125
1 0.55234375 0.84921875 0.08671875 0.1890625
1 0.6375 0.8421875 0.08671875 0.19765625
1 0.71640625 0.81875 0.0734375 0.16953125