0 0.26640625 0.26171875 0.08203125 0.1953125
0 0.35859375 0.2609375 0.0875 0.18671875
0 0.4515625 0.24296875 0.08984375 0.20546875
0 0.54296875 0.25234375 0.09296875 0.159375
0 0.63828125 0.23984375 0.08515625 0.190625
0 0.72109375 0.24765625 0.08046875 0.1796875
0 0.2640625 0.45859375 0.084375 0.2078125
0 0.36171875 0.4625 0.0859375 0.20625
0 0.4578125 0.4609375 0.09296875 0.2046875
0 0.55390625 0.43515625 0.090625 0.21953125
0 0.6453125 0.43984375 0.0890625 0.20546875
0 0.72734375 0.44296875 0.0828125 0.2015625
0 0.26953125 0.65859375 0.084375 0.1984375
0 0.36796875 0.6671875 0.0890625 0.2046875
0 0.28359375 0.853125 0.07578125 0.184375
0 0.37890625 0.86328125 0.08515625 0.19296875
0 0.4671875 0.8671875 0.090625 0.184375
0 0.46328125 0.671875 0.09375 0.20703125
0 0.5578125 0.65078125 0.0890625 0.203125
0 0.55859375 0.8453125 0.0875 0.18828125
0 0.64453125 0.6484375 0.0828125 0.1984375
0 0.72734375 0.6375 0.07890625 0.1921875
0 0.64453125 0.83671875 0.08125 0.19296875
0 0.72421875 0.81875 0.07734375 0.18359375