1 0.25703125 0.265625 0.07890625 0.2
1 0.3515625 0.2453125 0.0859375 0.20234375
1 0.44765625 0.24921875 0.0921875 0.19921875
1 0.540625 0.2421875 0.0859375 0.19453125
1 0.6296875 0.2390625 0.0828125 0.18359375
1 0.71328125 0.2421875 0.075 0.1875
1 0.25703125 0.46640625 0.0828125 0.19296875
1 0.3546875 0.46015625 0.090625 0.234375
1 0.4484375 0.45078125 0.09140625 0.209375
1 0.54765625 0.44296875 0.08828125 0.21484375
1 0.6359375 0.43359375 0.084375 0.2078125
1 0.71953125 0.428125 0.08046875 0.184375
1 0.26484375 0.66171875 0.08125 0.20546875
1 0.3609375 0.671875 0.0859375 0.20234375
1 0.4515625 0.65546875 0.090625 0.20859375
1 0.5515625 0.64921875 0.08984375 0.203125
1 0.6375 0.63515625 0.084375 0.20703125
1 0.721875 0.6234375 0.084375 0.209375
1 0.27421875 0.8484375 0.0796875 0.1875
1 0.36875 0.8578125 0.08671875 0.1875
1 0.45859375 0.85625 0.08515625 0.18828125
1 0.55234375 0.84453125 0.08671875 0.19296875
1 0.6375 0.8328125 0.0859375 0.1984375
1 0.71484375 0.80859375 0.07421875 0.17265625