0 0.26171875 0.2625 0.08671875 0.1953125
0 0.35625 0.2421875 0.0921875 0.18203125
0 0.45390625 0.234375 0.09453125 0.209375
0 0.54921875 0.24453125 0.08828125 0.19296875
0 0.6359375 0.240625 0.08125 0.19296875
0 0.721875 0.24140625 0.08359375 0.19296875
0 0.2640625 0.4671875 0.08515625 0.21015625
0 0.36015625 0.44609375 0.090625 0.209375
0 0.45390625 0.4515625 0.09375 0.2125
0 0.5546875 0.44375 0.08828125 0.2046875
0 0.6421875 0.43515625 0.0859375 0.19609375
0 0.7265625 0.43515625 0.08046875 0.1953125
0 0.2703125 0.6640625 0.08203125 0.19453125
0 0.3703125 0.6609375 0.0859375 0.21640625
0 0.46015625 0.65234375 0.09453125 0.1921875
0 0.55625 0.653125 0.09140625 0.21640625
0 0.6453125 0.6453125 0.08828125 0.2078125
0 0.7296875 0.6296875 0.08046875 0.1953125
0 0.28046875 0.84765625 0.078125 0.17265625
0 0.37578125 0.86484375 0.0828125 0.1921875
0 0.46484375 0.85625 0.09140625 0.190625
0 0.5578125 0.8484375 0.08046875 0.1875
0 0.64296875 0.83828125 0.08046875 0.184375
0 0.7234375 0.81875 0.08046875 0.190625