0 0.734375 0.26328125 0.08046875 0.19375
0 0.73515625 0.45390625 0.08828125 0.1921875
0 0.72578125 0.67109375 0.07734375 0.19921875
0 0.71484375 0.85078125 0.08359375 0.17109375
0 0.62109375 0.86015625 0.0890625 0.1921875
0 0.62734375 0.66875 0.084375 0.203125
0 0.6375 0.46328125 0.08671875 0.2171875
0 0.640625 0.24765625 0.08671875 0.2140625
0 0.54609375 0.2375 0.08984375 0.2109375
0 0.54375 0.453125 0.09453125 0.18984375
0 0.53828125 0.6671875 0.08984375 0.19765625
0 0.53203125 0.85625 0.0875 0.18828125
0 0.4515625 0.23359375 0.0875 0.19921875
0 0.44375 0.43203125 0.096875 0.20625
0 0.4390625 0.653125 0.08984375 0.19765625
0 0.43828125 0.85390625 0.084375 0.2015625
0 0.36171875 0.23671875 0.08515625 0.1984375
0 0.35546875 0.4328125 0.084375 0.190625
0 0.35390625 0.63203125 0.0875 0.196875
0 0.35390625 0.83125 0.0796875 0.19140625
0 0.27734375 0.2265625 0.07890625 0.1921875
0 0.27109375 0.42265625 0.08046875 0.19921875
0 0.26875 0.634375 0.0796875 0.19453125
0 0.275 0.8171875 0.07578125 0.17421875