1 0.74140625 0.27265625 0.08046875 0.1890625
1 0.646875 0.25703125 0.0890625 0.19609375
1 0.55 0.24609375 0.0859375 0.19375
1 0.45625 0.23671875 0.090625 0.2078125
1 0.3671875 0.2328125 0.08828125 0.209375
1 0.28359375 0.2421875 0.078125 0.1875
1 0.7390625 0.4765625 0.08515625 0.20234375
1 0.6421875 0.4703125 0.0890625 0.2125
1 0.5484375 0.45703125 0.09453125 0.21640625
1 0.4484375 0.4421875 0.0890625 0.221875
1 0.36015625 0.43359375 0.08125 0.19375
1 0.275 0.44140625 0.084375 0.20234375
1 0.72890625 0.66796875 0.08203125 0.19765625
1 0.63203125 0.67265625 0.08515625 0.21015625
1 0.540625 0.66328125 0.0890625 0.2125
1 0.44375 0.65546875 0.0921875 0.2046875
1 0.35703125 0.640625 0.08359375 0.19921875
1 0.27421875 0.6375 0.08046875 0.19375
1 0.71953125 0.8578125 0.0828125 0.1875
1 0.625 0.865625 0.08359375 0.1921875
1 0.53515625 0.86484375 0.0859375 0.17421875
1 0.44140625 0.846875 0.08515625 0.1890625
1 0.35625 0.8390625 0.0875 0.1875
1 0.278125 0.815625 0.075 0.1796875