0 0.26328125 0.26171875 0.0875 0.19765625
0 0.35859375 0.26875 0.09140625 0.196875
0 0.45390625 0.25 0.0921875 0.20390625
0 0.55 0.24375 0.0890625 0.190625
0 0.63984375 0.24140625 0.0828125 0.190625
0 0.721875 0.23828125 0.084375 0.20234375
0 0.2640625 0.4609375 0.0828125 0.20703125
0 0.36171875 0.4671875 0.08984375 0.2078125
0 0.45859375 0.453125 0.096875 0.19765625
0 0.5546875 0.4484375 0.0921875 0.2078125
0 0.64453125 0.4421875 0.0890625 0.2046875
0 0.72734375 0.43671875 0.0796875 0.19296875
0 0.271875 0.66328125 0.08203125 0.18359375
0 0.37109375 0.66015625 0.0890625 0.190625
0 0.4609375 0.66484375 0.090625 0.22109375
0 0.559375 0.65390625 0.09609375 0.20703125
0 0.64453125 0.64140625 0.08359375 0.196875
0 0.72890625 0.63984375 0.084375 0.203125
0 0.28203125 0.85703125 0.07890625 0.18828125
0 0.37734375 0.8546875 0.0890625 0.18046875
0 0.46640625 0.8625 0.0859375 0.18984375
0 0.56015625 0.86015625 0.0921875 0.20234375
0 0.6453125 0.84296875 0.08046875 0.190625
0 0.72578125 0.8171875 0.08046875 0.16484375