0 0.2625 0.26953125 0.0859375 0.19609375
0 0.35859375 0.25390625 0.08515625 0.203125
0 0.453125 0.2421875 0.08671875 0.18828125
0 0.5484375 0.24453125 0.0890625 0.19453125
0 0.6375 0.23515625 0.08203125 0.1890625
0 0.72265625 0.2375 0.08046875 0.19375
0 0.728125 0.43046875 0.08125 0.1984375
0 0.64296875 0.428125 0.0859375 0.1890625
0 0.55625 0.43671875 0.08984375 0.19296875
0 0.45703125 0.45390625 0.09140625 0.2125
0 0.36015625 0.46328125 0.090625 0.2046875
0 0.2640625 0.4671875 0.0796875 0.19765625
0 0.27109375 0.66171875 0.08359375 0.19609375
0 0.36796875 0.66796875 0.0875 0.20703125
0 0.4609375 0.66484375 0.0875 0.21796875
0 0.55859375 0.64921875 0.090625 0.2046875
0 0.646875 0.63828125 0.0859375 0.20625
0 0.7296875 0.628125 0.07890625 0.18828125
0 0.28125 0.8484375 0.08203125 0.18984375
0 0.3765625 0.8609375 0.08046875 0.1859375
0 0.46640625 0.86015625 0.084375 0.1921875
0 0.559375 0.84609375 0.0875 0.196875
0 0.64453125 0.8390625 0.07890625 0.178125
0 0.72421875 0.81484375 0.0796875 0.18671875