0 0.2640625 0.26171875 0.08515625 0.19921875
0 0.359375 0.259375 0.0921875 0.190625
0 0.45625 0.25 0.0953125 0.19453125
0 0.55078125 0.24453125 0.09140625 0.19296875
0 0.6375 0.2421875 0.084375 0.190625
0 0.721875 0.2328125 0.084375 0.19375
0 0.26328125 0.4609375 0.0859375 0.20625
0 0.3609375 0.4609375 0.08828125 0.2
0 0.4546875 0.45 0.090625 0.20859375
0 0.5546875 0.4421875 0.0875 0.2046875
0 0.6453125 0.434375 0.084375 0.19765625
0 0.728125 0.4265625 0.08203125 0.18984375
0 0.27109375 0.659375 0.08203125 0.1984375
0 0.37109375 0.66796875 0.0890625 0.2171875
0 0.4609375 0.65703125 0.0890625 0.18671875
0 0.55703125 0.6484375 0.0921875 0.2109375
0 0.64609375 0.6375 0.08828125 0.209375
0 0.7296875 0.62578125 0.0828125 0.190625
0 0.28125 0.84765625 0.078125 0.1703125
0 0.37734375 0.8703125 0.0828125 0.19609375
0 0.46484375 0.853125 0.09140625 0.1890625
0 0.56015625 0.84296875 0.08125 0.18828125
0 0.64375 0.8359375 0.07890625 0.18125
0 0.72421875 0.81640625 0.08046875 0.18828125