1 0.7421875 0.2703125 0.0796875 0.19921875
1 0.64921875 0.25390625 0.08515625 0.20546875
1 0.5546875 0.25625 0.090625 0.2078125
1 0.46015625 0.25859375 0.0859375 0.1921875
1 0.3703125 0.24921875 0.0828125 0.1890625
1 0.28671875 0.2453125 0.075 0.18984375
1 0.74140625 0.47578125 0.08359375 0.196875
1 0.646875 0.46875 0.08984375 0.23125
1 0.55078125 0.4609375 0.090625 0.209375
1 0.45390625 0.45625 0.090625 0.21484375
1 0.3640625 0.4421875 0.0828125 0.20859375
1 0.28125 0.4328125 0.0796875 0.190625
1 0.73359375 0.67109375 0.08046875 0.20625
1 0.6390625 0.6765625 0.08828125 0.20546875
1 0.54765625 0.67265625 0.08984375 0.209375
1 0.45 0.6609375 0.0921875 0.1953125
1 0.36328125 0.64453125 0.084375 0.20078125
1 0.27890625 0.63046875 0.0859375 0.20703125
1 0.725 0.85703125 0.08125 0.17890625
1 0.63125 0.8625 0.0875 0.1828125
1 0.5421875 0.8640625 0.08671875 0.1796875
1 0.4484375 0.84921875 0.08671875 0.19375
1 0.3625 0.83984375 0.084375 0.19765625
1 0.284375 0.81875 0.075 0.1734375