1 0.74375 0.2640625 0.0796875 0.196875
1 0.65 0.25390625 0.0890625 0.1984375
1 0.55390625 0.23828125 0.084375 0.19296875
1 0.46015625 0.23515625 0.090625 0.20625
1 0.36953125 0.23125 0.0890625 0.20859375
1 0.28671875 0.23359375 0.078125 0.1859375
1 0.7421875 0.4703125 0.084375 0.203125
1 0.646875 0.45859375 0.09140625 0.21015625
1 0.55 0.44765625 0.09453125 0.2109375
1 0.4515625 0.440625 0.0890625 0.21953125
1 0.3640625 0.43125 0.084375 0.19375
1 0.27734375 0.43125 0.08359375 0.20546875
1 0.73125 0.6640625 0.08125 0.20078125
1 0.6359375 0.66875 0.08984375 0.2078125
1 0.54453125 0.6640625 0.08984375 0.21015625
1 0.446875 0.6453125 0.0921875 0.19375
1 0.359375 0.62890625 0.0828125 0.19375
1 0.275 0.62578125 0.084375 0.19296875
1 0.721875 0.853125 0.08359375 0.1859375
1 0.6265625 0.8625 0.08359375 0.19453125
1 0.5359375 0.85546875 0.084375 0.16875
1 0.44375 0.8421875 0.08515625 0.190625
1 0.3578125 0.828125 0.0859375 0.18984375
1 0.28125 0.80546875 0.071875 0.17734375