0 0.73671875 0.26171875 0.0875 0.19765625
0 0.64140625 0.26875 0.09140625 0.196875
0 0.54609375 0.25 0.0921875 0.20390625
0 0.45 0.24375 0.0890625 0.190625
0 0.36015625 0.24140625 0.0828125 0.190625
0 0.278125 0.23828125 0.084375 0.20234375
0 0.7359375 0.4609375 0.0828125 0.20703125
0 0.63828125 0.4671875 0.08984375 0.2078125
0 0.54140625 0.453125 0.096875 0.19765625
0 0.4453125 0.4484375 0.0921875 0.2078125
0 0.35546875 0.4421875 0.0890625 0.2046875
0 0.27265625 0.43671875 0.0796875 0.19296875
0 0.728125 0.66328125 0.08203125 0.18359375
0 0.62890625 0.66015625 0.0890625 0.190625
0 0.5390625 0.66484375 0.090625 0.22109375
0 0.440625 0.65390625 0.09609375 0.20703125
0 0.35546875 0.64140625 0.08359375 0.196875
0 0.27109375 0.63984375 0.084375 0.203125
0 0.71796875 0.85703125 0.07890625 0.18828125
0 0.62265625 0.8546875 0.0890625 0.18046875
0 0.53359375 0.8625 0.0859375 0.18984375
0 0.43984375 0.86015625 0.0921875 0.20234375
0 0.3546875 0.84296875 0.08046875 0.190625
0 0.27421875 0.8171875 0.08046875 0.16484375