0 0.26328125 0.265625 0.08203125 0.1921875
0 0.3578125 0.24609375 0.0859375 0.22109375
0 0.45234375 0.24453125 0.08671875 0.19296875
0 0.54765625 0.23046875 0.0921875 0.19921875
0 0.63671875 0.2296875 0.08671875 0.2046875
0 0.7203125 0.24765625 0.08359375 0.18984375
0 0.26640625 0.471875 0.090625 0.21328125
0 0.36015625 0.45625 0.0859375 0.2015625
0 0.45546875 0.4515625 0.09375 0.22109375
0 0.553125 0.43671875 0.09375 0.19453125
0 0.64375 0.43046875 0.08828125 0.21015625
0 0.728125 0.4375 0.08515625 0.20234375
0 0.2703125 0.66171875 0.0828125 0.1890625
0 0.36796875 0.66796875 0.090625 0.2078125
0 0.46015625 0.66171875 0.0890625 0.203125
0 0.55625 0.65234375 0.08984375 0.21015625
0 0.64375 0.6453125 0.0859375 0.20546875
0 0.72890625 0.634375 0.08125 0.18984375
0 0.27734375 0.84921875 0.0875 0.1640625
0 0.37578125 0.86171875 0.0875 0.196875
0 0.46484375 0.8609375 0.090625 0.1953125
0 0.55703125 0.846875 0.090625 0.1875
0 0.64375 0.83671875 0.0890625 0.18671875
0 0.721875 0.81328125 0.0765625 0.17734375