1 0.740625 0.27421875 0.08046875 0.1953125
1 0.6453125 0.25078125 0.08671875 0.20078125
1 0.55078125 0.24921875 0.0890625 0.20390625
1 0.45625 0.246875 0.0859375 0.1890625
1 0.365625 0.22890625 0.09140625 0.209375
1 0.284375 0.23359375 0.0765625 0.1890625
1 0.7390625 0.46875 0.08515625 0.19609375
1 0.64296875 0.46484375 0.09140625 0.2328125
1 0.5484375 0.453125 0.09296875 0.20859375
1 0.4484375 0.4453125 0.0921875 0.21328125
1 0.36015625 0.4328125 0.084375 0.2078125
1 0.27734375 0.42109375 0.078125 0.1890625
1 0.7296875 0.6671875 0.0828125 0.2046875
1 0.634375 0.6734375 0.0859375 0.2015625
1 0.54140625 0.65859375 0.08671875 0.21171875
1 0.44375 0.64921875 0.09140625 0.1953125
1 0.35859375 0.63671875 0.084375 0.20859375
1 0.2734375 0.61953125 0.08203125 0.20703125
1 0.71875 0.85078125 0.078125 0.18125
1 0.62421875 0.8625 0.08359375 0.17734375
1 0.53515625 0.85703125 0.08515625 0.1859375
1 0.44140625 0.84375 0.08828125 0.19375
1 0.35703125 0.82734375 0.0796875 0.17734375
1 0.2796875 0.8046875 0.07578125 0.17578125