0 0.73828125 0.2625 0.08671875 0.1953125
0 0.64375 0.2421875 0.0921875 0.18203125
0 0.54609375 0.234375 0.09453125 0.209375
0 0.45078125 0.24453125 0.08828125 0.19296875
0 0.3640625 0.240625 0.08125 0.19296875
0 0.278125 0.24140625 0.08359375 0.19296875
0 0.7359375 0.4671875 0.08515625 0.21015625
0 0.63984375 0.44609375 0.090625 0.209375
0 0.54609375 0.4515625 0.09375 0.2125
0 0.4453125 0.44375 0.08828125 0.2046875
0 0.3578125 0.43515625 0.0859375 0.19609375
0 0.2734375 0.43515625 0.08046875 0.1953125
0 0.7296875 0.6640625 0.08203125 0.19453125
0 0.6296875 0.6609375 0.0859375 0.21640625
0 0.53984375 0.65234375 0.09453125 0.1921875
0 0.44375 0.653125 0.09140625 0.21640625
0 0.3546875 0.6453125 0.08828125 0.2078125
0 0.2703125 0.6296875 0.08046875 0.1953125
0 0.71953125 0.84765625 0.078125 0.17265625
0 0.62421875 0.86484375 0.0828125 0.1921875
0 0.53515625 0.85625 0.09140625 0.190625
0 0.4421875 0.8484375 0.08046875 0.1875
0 0.35703125 0.83828125 0.08046875 0.184375
0 0.2765625 0.81875 0.08046875 0.190625