0 0.2625 0.25703125 0.0859375 0.1984375
0 0.35859375 0.25234375 0.09140625 0.18828125
0 0.45390625 0.2375 0.0890625 0.21015625
0 0.54921875 0.24375 0.09140625 0.19765625
0 0.6359375 0.240625 0.084375 0.1921875
0 0.72265625 0.23046875 0.08359375 0.19609375
0 0.2625 0.46328125 0.08515625 0.2046875
0 0.3609375 0.446875 0.0921875 0.203125
0 0.453125 0.4515625 0.09375 0.21484375
0 0.553125 0.440625 0.09140625 0.2078125
0 0.64296875 0.42890625 0.0890625 0.196875
0 0.72578125 0.43046875 0.07890625 0.1953125
0 0.2703125 0.66015625 0.08046875 0.19296875
0 0.3703125 0.6609375 0.0890625 0.21875
0 0.46015625 0.65625 0.0890625 0.19375
0 0.55625 0.64609375 0.090625 0.21328125
0 0.646875 0.63828125 0.08828125 0.21328125
0 0.7296875 0.628125 0.0828125 0.19765625
0 0.28046875 0.8484375 0.08046875 0.17265625
0 0.37421875 0.865625 0.08515625 0.19453125
0 0.4640625 0.853125 0.09140625 0.19140625
0 0.5578125 0.84375 0.08125 0.1875
0 0.64296875 0.83671875 0.078125 0.178125
0 0.7234375 0.815625 0.0796875 0.18671875