1 0.740625 0.26953125 0.0796875 0.20078125
1 0.646875 0.24921875 0.0890625 0.21953125
1 0.55078125 0.23984375 0.08828125 0.20078125
1 0.45625 0.23984375 0.08828125 0.1921875
1 0.36640625 0.23125 0.0890625 0.20625
1 0.284375 0.23828125 0.07734375 0.190625
1 0.7390625 0.46796875 0.08359375 0.19375
1 0.6421875 0.4625 0.09140625 0.20703125
1 0.54765625 0.45078125 0.0890625 0.21640625
1 0.4484375 0.43359375 0.0890625 0.20546875
1 0.36171875 0.4265625 0.08515625 0.19453125
1 0.2765625 0.43046875 0.078125 0.203125
1 0.73046875 0.6578125 0.0796875 0.196875
1 0.63359375 0.66953125 0.08984375 0.19921875
1 0.5421875 0.6609375 0.08984375 0.20546875
1 0.44609375 0.64453125 0.090625 0.2078125
1 0.35859375 0.63359375 0.08359375 0.19921875
1 0.27421875 0.625 0.07734375 0.1953125
1 0.71953125 0.85234375 0.08125 0.1796875
1 0.625 0.8625 0.08671875 0.1875
1 0.53671875 0.8625 0.08984375 0.19453125
1 0.44375 0.84296875 0.084375 0.19453125
1 0.3578125 0.834375 0.084375 0.17734375
1 0.278125 0.8109375 0.075 0.17734375