1 0.26171875 0.20625 0.08125 0.1859375
1 0.3546875 0.18515625 0.08515625 0.20390625
1 0.44609375 0.1890625 0.09609375 0.16796875
1 0.54453125 0.18125 0.08828125 0.20078125
1 0.6328125 0.175 0.0875 0.1875
2 0.7171875 0.18125 0.078125 0.190625
1 0.2609375 0.39453125 0.0765625 0.19296875
1 0.35859375 0.390625 0.0859375 0.20703125
1 0.4515625 0.38828125 0.0890625 0.2
1 0.55 0.3828125 0.09140625 0.20625
1 0.63984375 0.3671875 0.08984375 0.2125
1 0.72421875 0.3734375 0.078125 0.196875
1 0.26484375 0.584375 0.08359375 0.19140625
1 0.3640625 0.59921875 0.08828125 0.20390625
1 0.45625 0.59375 0.08984375 0.215625
1 0.55390625 0.5796875 0.0921875 0.19921875
1 0.640625 0.58046875 0.084375 0.20546875
1 0.72578125 0.565625 0.08203125 0.19609375
1 0.27265625 0.78359375 0.08203125 0.17890625
1 0.36953125 0.79375 0.08046875 0.18671875
1 0.459375 0.79921875 0.0890625 0.19453125
1 0.55390625 0.78359375 0.084375 0.18671875
1 0.64140625 0.784375 0.08671875 0.19609375
1 0.7203125 0.76171875 0.0796875 0.184375