1 0.25703125 0.2625 0.07890625 0.20234375
1 0.35 0.24609375 0.08515625 0.2046875
1 0.44609375 0.24296875 0.09140625 0.203125
1 0.53984375 0.2421875 0.08515625 0.1953125
1 0.62890625 0.234375 0.08125 0.1859375
1 0.71328125 0.24140625 0.0765625 0.190625
1 0.25703125 0.46328125 0.08359375 0.19609375
1 0.35234375 0.45625 0.0921875 0.2296875
1 0.4484375 0.45 0.0921875 0.21328125
1 0.546875 0.44609375 0.09140625 0.2140625
1 0.6359375 0.43359375 0.08515625 0.2109375
1 0.71875 0.428125 0.0796875 0.18671875
1 0.26640625 0.66171875 0.08046875 0.20390625
1 0.36015625 0.66640625 0.0859375 0.2078125
1 0.45234375 0.665625 0.0890625 0.2125
1 0.55 0.65078125 0.08984375 0.20234375
1 0.63828125 0.63984375 0.08515625 0.20078125
1 0.721875 0.6234375 0.08515625 0.209375
1 0.2734375 0.84453125 0.07890625 0.1796875
1 0.36875 0.8546875 0.0875 0.18203125
1 0.45703125 0.85546875 0.084375 0.1828125
1 0.5515625 0.8421875 0.08671875 0.190625
1 0.63828125 0.8328125 0.08515625 0.2015625
1 0.71484375 0.81328125 0.075 0.17265625