0 0.2625 0.26796875 0.084375 0.19140625
0 0.35859375 0.24921875 0.08984375 0.2015625
0 0.26484375 0.46640625 0.08125 0.19921875
0 0.271875 0.6609375 0.084375 0.19296875
0 0.28203125 0.85703125 0.07890625 0.1890625
0 0.3609375 0.4609375 0.09609375 0.2125
0 0.3703125 0.66796875 0.084375 0.21015625
0 0.37890625 0.86015625 0.08046875 0.19453125
0 0.453125 0.225 0.090625 0.20234375
0 0.45625 0.440625 0.09453125 0.21484375
0 0.46171875 0.65546875 0.08984375 0.19453125
0 0.46484375 0.8609375 0.0890625 0.18046875
0 0.55859375 0.84453125 0.0890625 0.18046875
0 0.55703125 0.64765625 0.09140625 0.20546875
0 0.55546875 0.4421875 0.0890625 0.20625
0 0.553125 0.25546875 0.08984375 0.17109375
0 0.63828125 0.23359375 0.08046875 0.19296875
0 0.64375 0.43984375 0.08828125 0.2078125
0 0.6453125 0.6421875 0.08125 0.19375
0 0.6453125 0.8375 0.08359375 0.19296875
0 0.72421875 0.8140625 0.07578125 0.18125
0 0.728125 0.62734375 0.078125 0.2
0 0.72734375 0.43125 0.08203125 0.19375
0 0.7203125 0.24375 0.07578125 0.18046875