1 0.259375 0.26953125 0.08125 0.18828125
1 0.3546875 0.253125 0.08984375 0.1984375
1 0.45078125 0.23515625 0.08984375 0.19609375
1 0.54296875 0.23046875 0.090625 0.2125
1 0.63359375 0.22734375 0.08828125 0.21875
1 0.7171875 0.234375 0.07890625 0.18828125
1 0.2609375 0.46640625 0.08515625 0.2015625
1 0.3578125 0.453125 0.09140625 0.20625
1 0.453125 0.45625 0.09765625 0.21484375
1 0.55234375 0.4484375 0.08984375 0.21328125
1 0.6390625 0.43359375 0.08203125 0.19140625
1 0.725 0.4296875 0.084375 0.20390625
1 0.2703125 0.66328125 0.08125 0.19296875
1 0.36796875 0.65859375 0.0875 0.209375
1 0.459375 0.66171875 0.090625 0.2078125
1 0.55546875 0.653125 0.090625 0.2
1 0.6421875 0.6328125 0.0859375 0.19296875
1 0.72734375 0.6296875 0.08359375 0.19765625
1 0.28046875 0.85703125 0.08046875 0.18515625
1 0.37734375 0.8625 0.084375 0.19453125
1 0.46640625 0.85390625 0.08359375 0.16953125
1 0.55859375 0.84453125 0.08515625 0.18828125
1 0.64375 0.83203125 0.08515625 0.18984375
1 0.72265625 0.81171875 0.0734375 0.1765625