0 0.73671875 0.2640625 0.084375 0.18984375
0 0.64140625 0.25546875 0.08515625 0.19296875
0 0.54765625 0.2421875 0.08671875 0.1828125
0 0.4515625 0.24765625 0.0890625 0.1921875
0 0.36171875 0.23828125 0.08515625 0.19296875
0 0.27578125 0.25078125 0.08203125 0.19453125
0 0.73515625 0.4640625 0.0765625 0.19921875
0 0.63828125 0.459375 0.08984375 0.19921875
0 0.54375 0.4515625 0.090625 0.21484375
0 0.4453125 0.43671875 0.08828125 0.1921875
0 0.35625 0.428125 0.0859375 0.19375
0 0.2734375 0.43671875 0.0828125 0.19296875
0 0.73046875 0.66015625 0.08515625 0.19296875
0 0.63359375 0.659375 0.090625 0.203125
0 0.540625 0.66640625 0.08671875 0.21796875
0 0.44375 0.64296875 0.09140625 0.20546875
0 0.3546875 0.6359375 0.084375 0.20234375
0 0.27265625 0.63203125 0.08046875 0.196875
0 0.71953125 0.8484375 0.08359375 0.1921875
0 0.62578125 0.8578125 0.08359375 0.18515625
0 0.53515625 0.86328125 0.08515625 0.18984375
0 0.44140625 0.84453125 0.0890625 0.2
0 0.35703125 0.83828125 0.07890625 0.17890625
0 0.2765625 0.81640625 0.08046875 0.18359375