1 0.265625 0.203125 0.078125 0.1875
1 0.359375 0.18984375 0.0875 0.1953125
1 0.453125 0.184375 0.08984375 0.20625
1 0.5484375 0.18515625 0.09375 0.21640625
1 0.6375 0.19921875 0.08515625 0.20078125
1 0.72109375 0.2109375 0.07578125 0.19140625
1 0.259375 0.39140625 0.08828125 0.2015625
1 0.35625 0.3984375 0.09140625 0.21015625
1 0.45078125 0.40234375 0.09375 0.2171875
1 0.55078125 0.396875 0.090625 0.20625
1 0.63984375 0.40625 0.08984375 0.196875
1 0.72421875 0.4109375 0.078125 0.18828125
1 0.2625 0.59140625 0.0796875 0.1984375
1 0.359375 0.6015625 0.08828125 0.20625
1 0.45234375 0.60859375 0.09453125 0.21328125
1 0.54765625 0.61171875 0.0953125 0.23046875
1 0.63828125 0.60390625 0.08515625 0.2015625
1 0.72109375 0.6015625 0.08046875 0.19921875
1 0.265625 0.7859375 0.078125 0.1828125
1 0.36171875 0.803125 0.08828125 0.18359375
1 0.45234375 0.8109375 0.0875 0.1875
1 0.54453125 0.8046875 0.0859375 0.1828125
1 0.63125 0.80703125 0.08359375 0.215625
1 0.71328125 0.78828125 0.0796875 0.17578125