0 0.2640625 0.2734375 0.084375 0.1875
0 0.35859375 0.25078125 0.09375 0.19140625
0 0.453125 0.2375 0.09296875 0.2078125
0 0.55 0.2515625 0.090625 0.1890625
0 0.6359375 0.23203125 0.0828125 0.196875
0 0.72109375 0.24296875 0.084375 0.19765625
0 0.2640625 0.4671875 0.08671875 0.20625
0 0.359375 0.4578125 0.09375 0.2
0 0.45625 0.45859375 0.09375 0.21171875
0 0.55546875 0.45859375 0.08984375 0.19375
0 0.64296875 0.43984375 0.08515625 0.1953125
0 0.72734375 0.4359375 0.08203125 0.196875
0 0.27109375 0.6640625 0.08203125 0.19375
0 0.36875 0.66796875 0.08828125 0.2171875
0 0.46171875 0.65859375 0.0921875 0.1890625
0 0.55703125 0.6609375 0.0921875 0.21640625
0 0.646875 0.64375 0.0875 0.20703125
0 0.72890625 0.63359375 0.0796875 0.2015625
0 0.2828125 0.86015625 0.07890625 0.1703125
0 0.378125 0.865625 0.084375 0.19296875
0 0.46484375 0.85703125 0.08984375 0.18828125
0 0.559375 0.8484375 0.084375 0.17890625
0 0.64453125 0.84609375 0.08046875 0.1828125
0 0.72421875 0.82265625 0.08046875 0.18984375