1 0.7484375 0.2140625 0.084375 0.18203125
1 0.65390625 0.1984375 0.0875 0.2015625
1 0.56328125 0.21328125 0.09609375 0.1671875
1 0.4640625 0.19296875 0.090625 0.2078125
1 0.375 0.20234375 0.08359375 0.19296875
1 0.2921875 0.19921875 0.07734375 0.18359375
1 0.75234375 0.4015625 0.07890625 0.1953125
1 0.65546875 0.4046875 0.08671875 0.2046875
1 0.56328125 0.40859375 0.08828125 0.20234375
1 0.46171875 0.39765625 0.08984375 0.20625
1 0.37265625 0.396875 0.08828125 0.2015625
1 0.2890625 0.41640625 0.08125 0.190625
1 0.75078125 0.59140625 0.08203125 0.19296875
1 0.653125 0.61171875 0.0890625 0.2
1 0.56171875 0.61328125 0.0875 0.215625
1 0.46484375 0.61171875 0.09453125 0.21953125
1 0.37421875 0.60390625 0.08515625 0.2015625
1 0.29140625 0.60859375 0.08046875 0.1984375
1 0.74453125 0.79140625 0.078125 0.1859375
1 0.65078125 0.8109375 0.08046875 0.18984375
1 0.56171875 0.8234375 0.08671875 0.19296875
1 0.46796875 0.80859375 0.0828125 0.175
1 0.38046875 0.8046875 0.0859375 0.20234375
1 0.30078125 0.79609375 0.078125 0.1765625