1 0.2609375 0.2765625 0.07890625 0.190625
1 0.35625 0.25234375 0.0875 0.2015625
1 0.4515625 0.23984375 0.08984375 0.2078125
1 0.54453125 0.240625 0.08671875 0.19453125
1 0.63515625 0.22265625 0.09140625 0.2078125
1 0.7171875 0.23125 0.0765625 0.1875
1 0.26328125 0.4671875 0.084375 0.196875
1 0.3609375 0.46484375 0.09140625 0.228125
1 0.45546875 0.446875 0.0921875 0.2109375
1 0.553125 0.44609375 0.0890625 0.2140625
1 0.640625 0.42734375 0.0859375 0.20625
1 0.72578125 0.4171875 0.0796875 0.1921875
1 0.271875 0.6640625 0.08359375 0.20078125
1 0.36796875 0.67265625 0.084375 0.2046875
1 0.4609375 0.653125 0.08671875 0.2078125
1 0.55625 0.646875 0.09296875 0.20078125
1 0.6453125 0.63203125 0.084375 0.20234375
1 0.72734375 0.6171875 0.0828125 0.2125
1 0.2828125 0.8484375 0.08046875 0.184375
1 0.37734375 0.8609375 0.0859375 0.18359375
1 0.465625 0.85546875 0.0875 0.18828125
1 0.56015625 0.83671875 0.0890625 0.190625
1 0.64453125 0.82421875 0.07890625 0.1796875
1 0.72265625 0.80390625 0.07734375 0.17578125