2 0.2625 0.259375 0.084375 0.196875
2 0.35859375 0.25390625 0.08828125 0.203125
2 0.45234375 0.23203125 0.0890625 0.20234375
2 0.546875 0.234375 0.08828125 0.20546875
2 0.63671875 0.22578125 0.08828125 0.2
2 0.72109375 0.23359375 0.0828125 0.20625
2 0.26328125 0.47109375 0.08515625 0.2109375
2 0.359375 0.45390625 0.08828125 0.20546875
2 0.45390625 0.4421875 0.0890625 0.209375
2 0.55234375 0.42890625 0.09296875 0.203125
2 0.64296875 0.42890625 0.08671875 0.2109375
2 0.72578125 0.43125 0.07734375 0.19375
2 0.2703125 0.66484375 0.08203125 0.190625
2 0.3671875 0.6609375 0.0953125 0.21875
2 0.46015625 0.66328125 0.09453125 0.2125
2 0.55546875 0.640625 0.084375 0.1984375
2 0.64375 0.63828125 0.08828125 0.19921875
2 0.7265625 0.615625 0.0796875 0.19453125
2 0.28046875 0.85234375 0.0796875 0.18671875
2 0.37421875 0.8625 0.0890625 0.18984375
2 0.4625 0.8515625 0.09296875 0.171875
2 0.55703125 0.8421875 0.08828125 0.17578125
2 0.6421875 0.8296875 0.0828125 0.18203125
2 0.72265625 0.8046875 0.08046875 0.18359375