0 0.26171875 0.2609375 0.0859375 0.19453125
0 0.3578125 0.24765625 0.090625 0.2046875
0 0.453125 0.24296875 0.090625 0.2078125
0 0.54765625 0.23984375 0.0890625 0.190625
0 0.6390625 0.2421875 0.0828125 0.18984375
0 0.72109375 0.24140625 0.084375 0.19765625
0 0.2625 0.4625 0.084375 0.20703125
0 0.36171875 0.45234375 0.0890625 0.21015625
0 0.45625 0.44453125 0.090625 0.2046875
0 0.55390625 0.43671875 0.08828125 0.20234375
0 0.64375 0.43828125 0.0875 0.20546875
0 0.72578125 0.4328125 0.08125 0.190625
0 0.27109375 0.65625 0.0796875 0.18359375
0 0.36796875 0.6609375 0.08984375 0.19375
0 0.459375 0.6546875 0.090625 0.21484375
0 0.5578125 0.6421875 0.09296875 0.2078125
0 0.6453125 0.63515625 0.08125 0.19296875
0 0.7296875 0.634375 0.084375 0.2015625
0 0.2796875 0.853125 0.08046875 0.1890625
0 0.37578125 0.85078125 0.08828125 0.18671875
0 0.46484375 0.85546875 0.08203125 0.1890625
0 0.55859375 0.84296875 0.090625 0.19765625
0 0.64453125 0.8359375 0.07890625 0.18125
0 0.72421875 0.8140625 0.08125 0.16640625