0 0.2640625 0.259375 0.084375 0.1953125
0 0.26640625 0.46875 0.08203125 0.20078125
0 0.27265625 0.66015625 0.08125 0.1953125
0 0.2828125 0.859375 0.07734375 0.18515625
0 0.35703125 0.253125 0.0875 0.203125
0 0.36171875 0.465625 0.08984375 0.2140625
0 0.36796875 0.6734375 0.09140625 0.20390625
0 0.38046875 0.8625 0.07890625 0.18984375
0 0.465625 0.8609375 0.0890625 0.18515625
0 0.559375 0.84453125 0.0890625 0.18046875
0 0.64609375 0.83671875 0.08359375 0.19375
0 0.725 0.81484375 0.075 0.1859375
0 0.7296875 0.63125 0.07890625 0.1921875
0 0.646875 0.646875 0.08515625 0.1984375
0 0.46328125 0.66171875 0.0875 0.2078125
0 0.559375 0.65546875 0.08828125 0.21171875
0 0.45625 0.446875 0.09296875 0.21875
0 0.453125 0.240625 0.08828125 0.18515625
0 0.55703125 0.45 0.090625 0.20546875
0 0.54921875 0.2453125 0.09140625 0.20234375
0 0.63828125 0.24296875 0.08359375 0.1875
0 0.72265625 0.2453125 0.08046875 0.1875
0 0.728125 0.4359375 0.08046875 0.20078125
0 0.64453125 0.44453125 0.08671875 0.20703125