1 0.25703125 0.2578125 0.0828125 0.190625
1 0.35234375 0.24375 0.0875 0.19765625
1 0.4484375 0.23671875 0.08828125 0.20390625
1 0.540625 0.23515625 0.08828125 0.20625
1 0.63046875 0.23203125 0.0828125 0.20703125
1 0.715625 0.2484375 0.08125 0.19765625
1 0.2546875 0.45546875 0.0859375 0.2
1 0.3515625 0.4546875 0.0859375 0.20703125
1 0.446875 0.4453125 0.09140625 0.19921875
1 0.5453125 0.440625 0.08984375 0.20625
1 0.634375 0.440625 0.0859375 0.2125
1 0.71875 0.45 0.08203125 0.20625
1 0.25859375 0.65 0.0828125 0.18984375
1 0.3546875 0.65703125 0.0890625 0.1984375
1 0.4484375 0.6578125 0.09140625 0.2015625
1 0.54453125 0.653125 0.08671875 0.19921875
1 0.63203125 0.65 0.08515625 0.19921875
1 0.71484375 0.64609375 0.078125 0.1859375
1 0.265625 0.83203125 0.07890625 0.1796875
1 0.3609375 0.846875 0.0859375 0.18671875
2 0.45 0.853125 0.08671875 0.19375
2 0.5421875 0.846875 0.08671875 0.18984375
0 0.62890625 0.84453125 0.08203125 0.184375
0 0.70859375 0.82890625 0.078125 0.1796875