0 0.70703125 0.83203125 0.07890625 0.18125
0 0.628125 0.8484375 0.0828125 0.1828125
2 0.54296875 0.84609375 0.0890625 0.1921875
2 0.45 0.8578125 0.08671875 0.1953125
1 0.36015625 0.85 0.08671875 0.184375
1 0.26640625 0.83515625 0.0765625 0.1859375
1 0.2578125 0.25625 0.08125 0.18984375
1 0.3515625 0.2453125 0.08828125 0.19453125
1 0.446875 0.2359375 0.09140625 0.20859375
1 0.540625 0.2328125 0.08984375 0.20625
1 0.63125 0.2328125 0.08359375 0.21328125
1 0.7171875 0.25078125 0.08359375 0.196875
1 0.25390625 0.45390625 0.08671875 0.20234375
1 0.35 0.4625 0.0859375 0.20703125
1 0.4453125 0.44609375 0.08984375 0.20390625
1 0.54453125 0.44296875 0.08984375 0.20859375
1 0.63359375 0.4421875 0.0875 0.209375
1 0.71796875 0.45 0.08203125 0.20859375
1 0.25859375 0.64765625 0.08203125 0.18984375
1 0.35546875 0.6609375 0.0890625 0.19609375
1 0.4484375 0.6625 0.09140625 0.19765625
1 0.54296875 0.6515625 0.0875 0.19765625
1 0.63203125 0.65078125 0.08671875 0.1953125
1 0.71484375 0.6421875 0.07890625 0.1859375