1 0.7421875 0.26328125 0.08046875 0.19375
1 0.65 0.24765625 0.0859375 0.19921875
1 0.553125 0.23984375 0.0859375 0.18828125
1 0.459375 0.2328125 0.08984375 0.203125
1 0.36953125 0.22734375 0.08984375 0.209375
1 0.2875 0.23125 0.0796875 0.184375
1 0.74140625 0.465625 0.08359375 0.203125
1 0.6453125 0.45625 0.0890625 0.21015625
1 0.55078125 0.44375 0.09609375 0.21171875
1 0.45078125 0.43828125 0.0875 0.2140625
1 0.36484375 0.4265625 0.08359375 0.18671875
1 0.27890625 0.42734375 0.08359375 0.2015625
1 0.7328125 0.65859375 0.08046875 0.19609375
1 0.6359375 0.66171875 0.08671875 0.20859375
1 0.54375 0.66015625 0.090625 0.2109375
1 0.446875 0.6453125 0.09375 0.2078125
1 0.36015625 0.6234375 0.0859375 0.19140625
1 0.27578125 0.62265625 0.08046875 0.1890625
1 0.72265625 0.84921875 0.0828125 0.18515625
1 0.6265625 0.85546875 0.0828125 0.1890625
1 0.53828125 0.85390625 0.0828125 0.1765625
1 0.44375 0.8359375 0.084375 0.18828125
1 0.359375 0.821875 0.0859375 0.19140625
1 0.28046875 0.8015625 0.071875 0.17578125