0 0.26328125 0.2546875 0.0859375 0.190625
0 0.359375 0.24765625 0.0890625 0.2109375
0 0.4546875 0.240625 0.0921875 0.20859375
0 0.5484375 0.2421875 0.0875 0.190625
0 0.63828125 0.24296875 0.08515625 0.18984375
0 0.72265625 0.24375 0.08515625 0.2
0 0.26484375 0.45703125 0.08515625 0.2015625
0 0.36015625 0.46171875 0.090625 0.20859375
0 0.45390625 0.44609375 0.09375 0.20390625
0 0.55390625 0.43828125 0.0875 0.203125
0 0.64375 0.44140625 0.08984375 0.20234375
0 0.72734375 0.43984375 0.07890625 0.18671875
0 0.2703125 0.64921875 0.08046875 0.1796875
0 0.36875 0.659375 0.090625 0.1890625
0 0.4609375 0.65859375 0.09375 0.221875
0 0.55703125 0.6421875 0.0921875 0.209375
0 0.64296875 0.6375 0.08046875 0.1921875
0 0.72734375 0.63359375 0.08203125 0.2015625
0 0.28125 0.853125 0.0796875 0.18671875
0 0.37578125 0.8515625 0.08984375 0.184375
0 0.46484375 0.8578125 0.08125 0.18828125
0 0.55859375 0.84453125 0.08828125 0.19765625
0 0.64296875 0.83359375 0.08203125 0.18203125
0 0.72421875 0.8109375 0.08203125 0.1640625