1 0.265625 0.2 0.07734375 0.1859375
1 0.35859375 0.18828125 0.0875 0.20234375
1 0.45390625 0.18046875 0.0890625 0.20546875
1 0.54921875 0.19296875 0.09453125 0.20390625
1 0.6390625 0.196875 0.08515625 0.19453125
1 0.72109375 0.20390625 0.07734375 0.19296875
1 0.2578125 0.38984375 0.090625 0.19921875
1 0.35703125 0.40234375 0.09140625 0.2078125
1 0.45234375 0.3984375 0.09453125 0.21796875
1 0.553125 0.39296875 0.08984375 0.20078125
1 0.640625 0.3890625 0.08828125 0.1984375
1 0.72421875 0.40703125 0.0796875 0.1875
1 0.2609375 0.58828125 0.08125 0.20078125
1 0.35859375 0.6078125 0.090625 0.21015625
1 0.4546875 0.6140625 0.0875 0.21328125
1 0.55078125 0.60703125 0.09453125 0.22109375
1 0.63984375 0.5984375 0.084375 0.203125
1 0.7234375 0.59921875 0.08046875 0.196875
1 0.26875 0.79140625 0.07890625 0.18203125
1 0.36328125 0.80625 0.08828125 0.1828125
1 0.45390625 0.821875 0.084375 0.19375
1 0.5484375 0.8046875 0.08359375 0.1859375
1 0.63515625 0.8 0.08359375 0.20625
1 0.715625 0.7875 0.07734375 0.17578125