1 0.25546875 0.275 0.0796875 0.18984375
1 0.3515625 0.2625 0.0890625 0.19765625
1 0.4453125 0.2484375 0.08671875 0.1890625
1 0.53984375 0.23671875 0.09296875 0.2078125
1 0.63046875 0.2328125 0.08828125 0.21171875
1 0.71328125 0.23828125 0.07890625 0.18828125
1 0.25859375 0.47734375 0.084375 0.20390625
1 0.3546875 0.4625 0.08984375 0.21171875
1 0.44921875 0.453125 0.09453125 0.215625
1 0.5484375 0.44609375 0.0890625 0.21640625
1 0.63671875 0.43203125 0.08359375 0.1953125
1 0.721875 0.43671875 0.08359375 0.20703125
1 0.26796875 0.67265625 0.08203125 0.19609375
1 0.36484375 0.66875 0.08671875 0.20546875
1 0.45625 0.671875 0.090625 0.20703125
1 0.553125 0.65078125 0.090625 0.2015625
1 0.640625 0.6359375 0.084375 0.196875
1 0.725 0.6296875 0.08125 0.190625
1 0.278125 0.85703125 0.0828125 0.18359375
1 0.3734375 0.86171875 0.08359375 0.190625
1 0.4625 0.8640625 0.08203125 0.175
1 0.55546875 0.8421875 0.084375 0.18515625
1 0.6421875 0.83515625 0.084375 0.18828125
1 0.7203125 0.80859375 0.071875 0.178125