1 0.74296875 0.265625 0.07890625 0.19921875
1 0.64921875 0.24140625 0.084375 0.20234375
1 0.55390625 0.24765625 0.090625 0.20703125
1 0.459375 0.23671875 0.08359375 0.19296875
1 0.36953125 0.2375 0.08203125 0.1859375
1 0.2859375 0.24453125 0.075 0.1921875
1 0.7421875 0.4625 0.0828125 0.196875
1 0.64609375 0.453125 0.090625 0.228125
1 0.55234375 0.453125 0.0921875 0.21328125
1 0.45390625 0.44609375 0.090625 0.2140625
1 0.36484375 0.434375 0.0828125 0.20859375
1 0.28046875 0.43046875 0.08125 0.184375
1 0.73359375 0.659375 0.07890625 0.19921875
1 0.63984375 0.6640625 0.08671875 0.20078125
1 0.54765625 0.66171875 0.0875 0.2140625
1 0.45 0.6484375 0.08984375 0.1984375
1 0.3625 0.63828125 0.08359375 0.2046875
1 0.278125 0.62421875 0.084375 0.20859375
1 0.72578125 0.846875 0.07890625 0.18046875
1 0.63125 0.85546875 0.08828125 0.18671875
1 0.54296875 0.859375 0.08671875 0.18828125
1 0.4484375 0.840625 0.0859375 0.18984375
1 0.3625 0.8359375 0.0859375 0.20078125
1 0.284375 0.8125 0.07265625 0.17265625