1 0.26015625 0.2640625 0.07890625 0.20390625
1 0.35390625 0.24765625 0.090625 0.21640625
1 0.44921875 0.240625 0.08828125 0.19453125
1 0.54375 0.24453125 0.08671875 0.1921875
1 0.63359375 0.2359375 0.0859375 0.19140625
1 0.71640625 0.2359375 0.08046875 0.190625
1 0.2609375 0.4671875 0.084375 0.1953125
1 0.35703125 0.4609375 0.09140625 0.2109375
1 0.45234375 0.44453125 0.090625 0.2109375
1 0.5515625 0.43984375 0.08984375 0.2
1 0.63984375 0.4234375 0.0859375 0.19140625
1 0.72265625 0.425 0.07890625 0.19921875
1 0.26875 0.66171875 0.08046875 0.19609375
1 0.365625 0.66640625 0.08828125 0.1984375
1 0.45859375 0.66171875 0.0875 0.20390625
1 0.5546875 0.64765625 0.0875 0.20546875
1 0.64140625 0.62421875 0.0828125 0.203125
1 0.72421875 0.62109375 0.07890625 0.19140625
1 0.28046875 0.8484375 0.07890625 0.17734375
1 0.37578125 0.86171875 0.0875 0.2
1 0.4640625 0.8578125 0.0890625 0.19375
1 0.55703125 0.84140625 0.08359375 0.1875
1 0.6421875 0.8328125 0.08359375 0.17421875
1 0.72109375 0.8046875 0.0765625 0.18046875