0 0.2640625 0.2609375 0.08671875 0.1921875
0 0.26484375 0.453125 0.07890625 0.1953125
0 0.27109375 0.6515625 0.08359375 0.1953125
0 0.27890625 0.846875 0.0828125 0.18984375
0 0.36015625 0.253125 0.08828125 0.19765625
0 0.359375 0.45390625 0.0921875 0.20234375
0 0.36953125 0.65 0.0890625 0.20078125
0 0.37578125 0.8578125 0.08515625 0.18984375
0 0.45390625 0.24296875 0.08671875 0.1828125
0 0.45625 0.446875 0.0890625 0.21640625
0 0.459375 0.66796875 0.08828125 0.21484375
0 0.465625 0.8703125 0.0875 0.19140625
0 0.54921875 0.24375 0.0890625 0.184375
0 0.55546875 0.440625 0.09140625 0.18515625
0 0.55859375 0.65078125 0.0890625 0.20546875
0 0.55859375 0.8453125 0.08671875 0.196875
0 0.6375 0.240625 0.08359375 0.1921875
0 0.6421875 0.43515625 0.0890625 0.19453125
0 0.646875 0.64609375 0.08515625 0.20234375
0 0.64140625 0.82421875 0.08125 0.15390625
0 0.72265625 0.82109375 0.08125 0.1828125
0 0.72734375 0.6375 0.07578125 0.18984375
0 0.7296875 0.44453125 0.0828125 0.18203125
0 0.7234375 0.2546875 0.08359375 0.19140625