1 0.26015625 0.26171875 0.07890625 0.196875
1 0.35390625 0.24375 0.090625 0.2171875
1 0.4484375 0.23203125 0.0890625 0.19609375
1 0.5421875 0.23203125 0.08671875 0.19140625
1 0.63359375 0.2203125 0.08828125 0.20234375
1 0.71484375 0.2296875 0.07890625 0.1953125
1 0.26171875 0.4578125 0.0875 0.1953125
1 0.35859375 0.4515625 0.09296875 0.2109375
1 0.453125 0.43671875 0.08984375 0.21484375
1 0.55078125 0.425 0.090625 0.2015625
1 0.63828125 0.41953125 0.0859375 0.19609375
1 0.72265625 0.421875 0.07734375 0.19765625
1 0.26875 0.64921875 0.08046875 0.19453125
1 0.365625 0.6546875 0.0890625 0.203125
1 0.45859375 0.65390625 0.09296875 0.2046875
1 0.5546875 0.63515625 0.09140625 0.21640625
1 0.6421875 0.62421875 0.0859375 0.20859375
1 0.7265625 0.615625 0.07890625 0.20234375
1 0.2796875 0.8390625 0.07890625 0.18046875
1 0.375 0.85078125 0.0875 0.1859375
1 0.46328125 0.8515625 0.08671875 0.19375
1 0.55625 0.82890625 0.084375 0.1890625
1 0.6421875 0.82578125 0.084375 0.17890625
1 0.721875 0.79921875 0.0765625 0.1796875