1 0.25625 0.2640625 0.0796875 0.196875
1 0.35 0.25390625 0.0890625 0.1984375
1 0.44609375 0.23828125 0.084375 0.19296875
1 0.53984375 0.23515625 0.090625 0.20625
1 0.63046875 0.23125 0.0890625 0.20859375
1 0.71328125 0.23359375 0.078125 0.1859375
1 0.2578125 0.4703125 0.084375 0.203125
1 0.353125 0.45859375 0.09140625 0.21015625
1 0.45 0.44765625 0.09453125 0.2109375
1 0.5484375 0.440625 0.0890625 0.21953125
1 0.6359375 0.43125 0.084375 0.19375
1 0.72265625 0.43125 0.08359375 0.20546875
1 0.26875 0.6640625 0.08125 0.20078125
1 0.3640625 0.66875 0.08984375 0.2078125
1 0.45546875 0.6640625 0.08984375 0.21015625
1 0.553125 0.6453125 0.0921875 0.19375
1 0.640625 0.62890625 0.0828125 0.19375
1 0.725 0.62578125 0.084375 0.19296875
1 0.278125 0.853125 0.08359375 0.1859375
1 0.3734375 0.8625 0.08359375 0.19453125
1 0.4640625 0.85546875 0.084375 0.16875
1 0.55625 0.8421875 0.08515625 0.190625
1 0.6421875 0.828125 0.0859375 0.18984375
1 0.71875 0.80546875 0.071875 0.17734375