1 0.2515625 0.2140625 0.084375 0.18203125
1 0.34609375 0.1984375 0.0875 0.2015625
1 0.43671875 0.21328125 0.09609375 0.1671875
1 0.5359375 0.19296875 0.090625 0.2078125
1 0.625 0.20234375 0.08359375 0.19296875
1 0.7078125 0.19921875 0.07734375 0.18359375
1 0.24765625 0.4015625 0.07890625 0.1953125
1 0.34453125 0.4046875 0.08671875 0.2046875
1 0.43671875 0.40859375 0.08828125 0.20234375
1 0.53828125 0.39765625 0.08984375 0.20625
1 0.62734375 0.396875 0.08828125 0.2015625
1 0.7109375 0.41640625 0.08125 0.190625
1 0.24921875 0.59140625 0.08203125 0.19296875
1 0.346875 0.61171875 0.0890625 0.2
1 0.43828125 0.61328125 0.0875 0.215625
1 0.53515625 0.61171875 0.09453125 0.21953125
1 0.62578125 0.60390625 0.08515625 0.2015625
1 0.70859375 0.60859375 0.08046875 0.1984375
1 0.25546875 0.79140625 0.078125 0.1859375
1 0.34921875 0.8109375 0.08046875 0.18984375
1 0.43828125 0.8234375 0.08671875 0.19296875
1 0.53203125 0.80859375 0.0828125 0.175
1 0.61953125 0.8046875 0.0859375 0.20234375
1 0.69921875 0.79609375 0.078125 0.1765625