1 0.25859375 0.27265625 0.08046875 0.1890625
1 0.353125 0.25703125 0.0890625 0.19609375
1 0.45 0.24609375 0.0859375 0.19375
1 0.54375 0.23671875 0.090625 0.2078125
1 0.6328125 0.2328125 0.08828125 0.209375
1 0.71640625 0.2421875 0.078125 0.1875
1 0.2609375 0.4765625 0.08515625 0.20234375
1 0.3578125 0.4703125 0.0890625 0.2125
1 0.4515625 0.45703125 0.09453125 0.21640625
1 0.5515625 0.4421875 0.0890625 0.221875
1 0.63984375 0.43359375 0.08125 0.19375
1 0.725 0.44140625 0.084375 0.20234375
1 0.27109375 0.66796875 0.08203125 0.19765625
1 0.36796875 0.67265625 0.08515625 0.21015625
1 0.459375 0.66328125 0.0890625 0.2125
1 0.55625 0.65546875 0.0921875 0.2046875
1 0.64296875 0.640625 0.08359375 0.19921875
1 0.72578125 0.6375 0.08046875 0.19375
1 0.28046875 0.8578125 0.0828125 0.1875
1 0.375 0.865625 0.08359375 0.1921875
1 0.46484375 0.86484375 0.0859375 0.17421875
1 0.55859375 0.846875 0.08515625 0.1890625
1 0.64375 0.8390625 0.0875 0.1875
1 0.721875 0.815625 0.075 0.1796875