1 0.740625 0.26171875 0.08125 0.19921875
1 0.646875 0.23984375 0.08828125 0.2171875
1 0.5515625 0.2421875 0.0890625 0.19453125
1 0.4578125 0.23984375 0.08671875 0.18828125
1 0.3671875 0.23515625 0.0890625 0.19609375
1 0.284375 0.228125 0.075 0.19140625
1 0.73828125 0.471875 0.08359375 0.1953125
1 0.6421875 0.46328125 0.090625 0.2109375
1 0.546875 0.45546875 0.090625 0.209375
1 0.4484375 0.44453125 0.08984375 0.19375
1 0.36171875 0.43046875 0.0859375 0.19296875
1 0.27734375 0.4234375 0.07734375 0.2
1 0.73125 0.6671875 0.08125 0.1953125
1 0.6328125 0.665625 0.0890625 0.19765625
1 0.5421875 0.6640625 0.08984375 0.2078125
1 0.44609375 0.6484375 0.0890625 0.2046875
1 0.35703125 0.63359375 0.084375 0.21015625
1 0.27578125 0.62109375 0.0796875 0.196875
1 0.71953125 0.8484375 0.078125 0.17890625
1 0.625 0.8578125 0.0875 0.19765625
1 0.53671875 0.86484375 0.0875 0.1953125
1 0.44296875 0.84140625 0.0859375 0.18984375
1 0.3578125 0.83046875 0.08359375 0.17890625
1 0.278125 0.80703125 0.07734375 0.178125