0 0.7359375 0.2609375 0.08671875 0.1921875
0 0.73515625 0.453125 0.07890625 0.1953125
0 0.72890625 0.6515625 0.08359375 0.1953125
0 0.72109375 0.846875 0.0828125 0.18984375
0 0.63984375 0.253125 0.08828125 0.19765625
0 0.640625 0.45390625 0.0921875 0.20234375
0 0.63046875 0.65 0.0890625 0.20078125
0 0.62421875 0.8578125 0.08515625 0.18984375
0 0.54609375 0.24296875 0.08671875 0.1828125
0 0.54375 0.446875 0.0890625 0.21640625
0 0.540625 0.66796875 0.08828125 0.21484375
0 0.534375 0.8703125 0.0875 0.19140625
0 0.45078125 0.24375 0.0890625 0.184375
0 0.44453125 0.440625 0.09140625 0.18515625
0 0.44140625 0.65078125 0.0890625 0.20546875
0 0.44140625 0.8453125 0.08671875 0.196875
0 0.3625 0.240625 0.08359375 0.1921875
0 0.3578125 0.43515625 0.0890625 0.19453125
0 0.353125 0.64609375 0.08515625 0.20234375
0 0.35859375 0.82421875 0.08125 0.15390625
0 0.27734375 0.82109375 0.08125 0.1828125
0 0.27265625 0.6375 0.07578125 0.18984375
0 0.2703125 0.44453125 0.0828125 0.18203125
0 0.2765625 0.2546875 0.08359375 0.19140625