1 0.73984375 0.26171875 0.07890625 0.196875
1 0.64609375 0.24375 0.090625 0.2171875
1 0.5515625 0.23203125 0.0890625 0.19609375
1 0.4578125 0.23203125 0.08671875 0.19140625
1 0.36640625 0.2203125 0.08828125 0.20234375
1 0.28515625 0.2296875 0.07890625 0.1953125
1 0.73828125 0.4578125 0.0875 0.1953125
1 0.64140625 0.4515625 0.09296875 0.2109375
1 0.546875 0.43671875 0.08984375 0.21484375
1 0.44921875 0.425 0.090625 0.2015625
1 0.36171875 0.41953125 0.0859375 0.19609375
1 0.27734375 0.421875 0.07734375 0.19765625
1 0.73125 0.64921875 0.08046875 0.19453125
1 0.634375 0.6546875 0.0890625 0.203125
1 0.54140625 0.65390625 0.09296875 0.2046875
1 0.4453125 0.63515625 0.09140625 0.21640625
1 0.3578125 0.62421875 0.0859375 0.20859375
1 0.2734375 0.615625 0.07890625 0.20234375
1 0.7203125 0.8390625 0.07890625 0.18046875
1 0.625 0.85078125 0.0875 0.1859375
1 0.53671875 0.8515625 0.08671875 0.19375
1 0.44375 0.82890625 0.084375 0.1890625
1 0.3578125 0.82578125 0.084375 0.17890625
1 0.278125 0.79921875 0.0765625 0.1796875