1 0.74140625 0.27265625 0.078125 0.19609375
1 0.646875 0.253125 0.0890625 0.2140625
1 0.55078125 0.240625 0.08828125 0.20078125
1 0.28359375 0.23515625 0.078125 0.19140625
1 0.73828125 0.47265625 0.08359375 0.1921875
1 0.73046875 0.6640625 0.07890625 0.19609375
1 0.71953125 0.8515625 0.08046875 0.17890625
1 0.64296875 0.4671875 0.09140625 0.2125
1 0.634375 0.6671875 0.08828125 0.19453125
1 0.62578125 0.85625 0.08828125 0.1953125
1 0.54609375 0.459375 0.08984375 0.20859375
1 0.54140625 0.66484375 0.0890625 0.20234375
1 0.5359375 0.8609375 0.08671875 0.190625
1 0.44296875 0.8375 0.08515625 0.1859375
1 0.4453125 0.64296875 0.0875 0.20546875
1 0.44921875 0.43984375 0.08984375 0.2015625
1 0.35859375 0.6328125 0.0859375 0.2046875
1 0.35703125 0.828125 0.08359375 0.1765625
1 0.27890625 0.8078125 0.07578125 0.17734375
1 0.275 0.6203125 0.0796875 0.196875
1 0.27734375 0.428125 0.07734375 0.1984375