0 0.26484375 0.26171875 0.0859375 0.21328125
0 0.3578125 0.253125 0.08984375 0.18984375
0 0.45390625 0.24296875 0.09296875 0.21328125
0 0.54765625 0.2328125 0.090625 0.1875
0 0.63671875 0.23046875 0.0890625 0.20625
0 0.72265625 0.24296875 0.0828125 0.20078125
0 0.26484375 0.4640625 0.08359375 0.19609375
0 0.36171875 0.45546875 0.08828125 0.21875
0 0.45546875 0.45703125 0.084375 0.209375
0 0.553125 0.43203125 0.09453125 0.2078125
0 0.6453125 0.440625 0.09140625 0.2078125
0 0.72578125 0.43515625 0.08046875 0.190625
0 0.26953125 0.65234375 0.08671875 0.1796875
0 0.365625 0.66171875 0.09375 0.20390625
0 0.459375 0.66015625 0.09140625 0.20625
0 0.55546875 0.64765625 0.09140625 0.2125
0 0.64453125 0.64375 0.08828125 0.20625
0 0.72734375 0.62734375 0.07890625 0.18828125
0 0.28125 0.85078125 0.078125 0.1859375
0 0.37421875 0.8578125 0.0859375 0.18515625
0 0.46328125 0.85703125 0.08671875 0.1890625
0 0.5578125 0.84296875 0.0890625 0.18828125
0 0.6421875 0.8359375 0.0828125 0.18203125
0 0.72109375 0.8109375 0.0765625 0.178125