0 0.7359375 0.259375 0.084375 0.1953125
0 0.73359375 0.46875 0.08203125 0.20078125
0 0.72734375 0.66015625 0.08125 0.1953125
0 0.7171875 0.859375 0.07734375 0.18515625
0 0.64296875 0.253125 0.0875 0.203125
0 0.63828125 0.465625 0.08984375 0.2140625
0 0.63203125 0.6734375 0.09140625 0.20390625
0 0.61953125 0.8625 0.07890625 0.18984375
0 0.534375 0.8609375 0.0890625 0.18515625
0 0.440625 0.84453125 0.0890625 0.18046875
0 0.35390625 0.83671875 0.08359375 0.19375
0 0.275 0.81484375 0.075 0.1859375
0 0.2703125 0.63125 0.07890625 0.1921875
0 0.353125 0.646875 0.08515625 0.1984375
0 0.53671875 0.66171875 0.0875 0.2078125
0 0.440625 0.65546875 0.08828125 0.21171875
0 0.54375 0.446875 0.09296875 0.21875
0 0.546875 0.240625 0.08828125 0.18515625
0 0.44296875 0.45 0.090625 0.20546875
0 0.45078125 0.2453125 0.09140625 0.20234375
0 0.36171875 0.24296875 0.08359375 0.1875
0 0.27734375 0.2453125 0.08046875 0.1875
0 0.271875 0.4359375 0.08046875 0.20078125
0 0.35546875 0.44453125 0.08671875 0.20703125