1 0.2625 0.2515625 0.084375 0.2
1 0.35625 0.246875 0.090625 0.215625
1 0.45078125 0.246875 0.0921875 0.20859375
1 0.54609375 0.234375 0.090625 0.2078125
1 0.6359375 0.24375 0.090625 0.20859375
1 0.71953125 0.234375 0.0765625 0.178125
1 0.26328125 0.46796875 0.0828125 0.20078125
1 0.359375 0.4625 0.08671875 0.20859375
1 0.45390625 0.46171875 0.09140625 0.20078125
1 0.55234375 0.44296875 0.0890625 0.19921875
1 0.6421875 0.44375 0.0875 0.19140625
1 0.72578125 0.44375 0.08515625 0.18828125
1 0.26796875 0.66875 0.0859375 0.19765625
1 0.36953125 0.67109375 0.0875 0.2109375
1 0.4578125 0.66875 0.0921875 0.221875
1 0.55625 0.653125 0.0921875 0.203125
1 0.64296875 0.64453125 0.08515625 0.19140625
1 0.72578125 0.6375 0.07578125 0.1875
1 0.27890625 0.85703125 0.08203125 0.1796875
1 0.37421875 0.86953125 0.08671875 0.18828125
1 0.4640625 0.86484375 0.08984375 0.184375
1 0.55859375 0.85078125 0.084375 0.196875
1 0.64140625 0.83671875 0.0796875 0.19765625
1 0.7203125 0.82578125 0.07734375 0.18046875