1 0.25703125 0.265625 0.07890625 0.19921875
1 0.35078125 0.24140625 0.084375 0.20234375
1 0.44609375 0.24765625 0.090625 0.20703125
1 0.540625 0.23671875 0.08359375 0.19296875
1 0.63046875 0.2375 0.08203125 0.1859375
1 0.7140625 0.24453125 0.075 0.1921875
1 0.2578125 0.4625 0.0828125 0.196875
1 0.35390625 0.453125 0.090625 0.228125
1 0.44765625 0.453125 0.0921875 0.21328125
1 0.54609375 0.44609375 0.090625 0.2140625
1 0.63515625 0.434375 0.0828125 0.20859375
1 0.71953125 0.43046875 0.08125 0.184375
1 0.26640625 0.659375 0.07890625 0.19921875
1 0.36015625 0.6640625 0.08671875 0.20078125
1 0.45234375 0.66171875 0.0875 0.2140625
1 0.55 0.6484375 0.08984375 0.1984375
1 0.6375 0.63828125 0.08359375 0.2046875
1 0.721875 0.62421875 0.084375 0.20859375
1 0.27421875 0.846875 0.07890625 0.18046875
1 0.36875 0.85546875 0.08828125 0.18671875
1 0.45703125 0.859375 0.08671875 0.18828125
1 0.5515625 0.840625 0.0859375 0.18984375
1 0.6375 0.8359375 0.0859375 0.20078125
1 0.715625 0.8125 0.07265625 0.17265625