1 0.259375 0.26953125 0.0796875 0.20078125
1 0.353125 0.24921875 0.0890625 0.21953125
1 0.44921875 0.23984375 0.08828125 0.20078125
1 0.54375 0.23984375 0.08828125 0.1921875
1 0.63359375 0.23125 0.0890625 0.20625
1 0.715625 0.23828125 0.07734375 0.190625
1 0.2609375 0.46796875 0.08359375 0.19375
1 0.3578125 0.4625 0.09140625 0.20703125
1 0.45234375 0.45078125 0.0890625 0.21640625
1 0.5515625 0.43359375 0.0890625 0.20546875
1 0.63828125 0.4265625 0.08515625 0.19453125
1 0.7234375 0.43046875 0.078125 0.203125
1 0.26953125 0.6578125 0.0796875 0.196875
1 0.36640625 0.66953125 0.08984375 0.19921875
1 0.4578125 0.6609375 0.08984375 0.20546875
1 0.55390625 0.64453125 0.090625 0.2078125
1 0.64140625 0.63359375 0.08359375 0.19921875
1 0.72578125 0.625 0.07734375 0.1953125
1 0.28046875 0.85234375 0.08125 0.1796875
1 0.375 0.8625 0.08671875 0.1875
1 0.46328125 0.8625 0.08984375 0.19453125
1 0.55625 0.84296875 0.084375 0.19453125
1 0.6421875 0.834375 0.084375 0.17734375
1 0.721875 0.8109375 0.075 0.17734375