1 0.7421875 0.26953125 0.078125 0.1984375
1 0.6484375 0.25078125 0.0859375 0.203125
1 0.55390625 0.24296875 0.090625 0.20703125
1 0.459375 0.24453125 0.0859375 0.19453125
1 0.28671875 0.24375 0.075 0.1890625
1 0.74296875 0.46328125 0.0859375 0.1984375
1 0.64609375 0.4625 0.08671875 0.23203125
1 0.5515625 0.4484375 0.08828125 0.21015625
1 0.45234375 0.446875 0.08828125 0.21171875
1 0.28125 0.4296875 0.07890625 0.1859375
1 0.7359375 0.659375 0.0828125 0.1984375
1 0.63984375 0.67109375 0.08671875 0.21015625
1 0.54765625 0.65625 0.08671875 0.2078125
1 0.44921875 0.653125 0.0890625 0.19765625
1 0.36171875 0.63828125 0.08515625 0.2015625
1 0.278125 0.62421875 0.08359375 0.20859375
1 0.72578125 0.8484375 0.08046875 0.18203125
1 0.63125 0.86015625 0.08671875 0.18515625
1 0.5421875 0.85546875 0.08828125 0.18671875
1 0.4484375 0.84609375 0.08671875 0.1921875
1 0.36171875 0.83125 0.0859375 0.19609375
1 0.28359375 0.81171875 0.07578125 0.17421875