0 0.2625 0.26640625 0.0796875 0.1765625
0 0.26484375 0.46171875 0.08125 0.19140625
0 0.26953125 0.65703125 0.08671875 0.1984375
0 0.35625 0.24765625 0.08828125 0.2171875
0 0.453125 0.23984375 0.09296875 0.1828125
0 0.5484375 0.23515625 0.0890625 0.2140625
0 0.6390625 0.23984375 0.08984375 0.1984375
0 0.7234375 0.2359375 0.08203125 0.190625
0 0.36015625 0.46171875 0.08671875 0.21484375
0 0.4546875 0.44140625 0.09453125 0.209375
0 0.553125 0.43828125 0.0859375 0.19921875
0 0.6421875 0.4390625 0.08671875 0.19765625
0 0.728125 0.43125 0.0828125 0.203125
0 0.3671875 0.6546875 0.09296875 0.184375
0 0.459375 0.6640625 0.09453125 0.215625
0 0.55703125 0.6453125 0.09140625 0.20859375
0 0.64453125 0.640625 0.0828125 0.19921875
0 0.728125 0.63671875 0.08359375 0.2015625
0 0.2796875 0.84453125 0.08203125 0.18515625
0 0.375 0.84765625 0.0875 0.18671875
0 0.4640625 0.8578125 0.0890625 0.1875
0 0.55703125 0.840625 0.0875 0.18515625
0 0.64296875 0.8296875 0.0796875 0.18203125
0 0.72265625 0.81953125 0.07734375 0.18671875