0 0.26328125 0.2640625 0.084375 0.18984375
0 0.35859375 0.25546875 0.08515625 0.19296875
0 0.45234375 0.2421875 0.08671875 0.1828125
0 0.5484375 0.24765625 0.0890625 0.1921875
0 0.63828125 0.23828125 0.08515625 0.19296875
0 0.72421875 0.25078125 0.08203125 0.19453125
0 0.26484375 0.4640625 0.0765625 0.19921875
0 0.36171875 0.459375 0.08984375 0.19921875
0 0.45625 0.4515625 0.090625 0.21484375
0 0.5546875 0.43671875 0.08828125 0.1921875
0 0.64375 0.428125 0.0859375 0.19375
0 0.7265625 0.43671875 0.0828125 0.19296875
0 0.26953125 0.66015625 0.08515625 0.19296875
0 0.36640625 0.659375 0.090625 0.203125
0 0.459375 0.66640625 0.08671875 0.21796875
0 0.55625 0.64296875 0.09140625 0.20546875
0 0.6453125 0.6359375 0.084375 0.20234375
0 0.72734375 0.63203125 0.08046875 0.196875
0 0.28046875 0.8484375 0.08359375 0.1921875
0 0.37421875 0.8578125 0.08359375 0.18515625
0 0.46484375 0.86328125 0.08515625 0.18984375
0 0.55859375 0.84453125 0.0890625 0.2
0 0.64296875 0.83828125 0.07890625 0.17890625
0 0.7234375 0.81640625 0.08046875 0.18359375