1 0.740625 0.2453125 0.07890625 0.20703125
1 0.64765625 0.2265625 0.08984375 0.21640625
1 0.5515625 0.215625 0.0875 0.20078125
1 0.4578125 0.21953125 0.0890625 0.19140625
1 0.3671875 0.215625 0.08671875 0.18828125
1 0.28515625 0.215625 0.0765625 0.19296875
1 0.73984375 0.44765625 0.08203125 0.19140625
1 0.64375 0.4375 0.09140625 0.2125
1 0.546875 0.42890625 0.090625 0.21328125
1 0.44921875 0.42578125 0.08984375 0.19375
1 0.36171875 0.4015625 0.08515625 0.1921875
1 0.278125 0.41015625 0.0765625 0.20078125
1 0.73125 0.63828125 0.08125 0.196875
1 0.63359375 0.64296875 0.08984375 0.19140625
1 0.54140625 0.63515625 0.08984375 0.2046875
1 0.4453125 0.62109375 0.0875 0.20703125
1 0.35859375 0.6015625 0.08359375 0.19921875
1 0.27578125 0.6046875 0.08359375 0.1984375
1 0.7203125 0.83671875 0.08359375 0.18046875
1 0.62578125 0.846875 0.0890625 0.2046875
1 0.5359375 0.840625 0.090625 0.19375
1 0.4421875 0.821875 0.0828125 0.190625
1 0.35703125 0.81796875 0.08203125 0.17578125
1 0.278125 0.7859375 0.07734375 0.18046875