0 0.26328125 0.2578125 0.08125 0.190625
0 0.3578125 0.259375 0.090625 0.1921875
0 0.453125 0.234375 0.0890625 0.19375
0 0.5484375 0.23125 0.08671875 0.184375
0 0.63671875 0.225 0.08828125 0.20234375
0 0.7203125 0.2375 0.0796875 0.18515625
0 0.2640625 0.45078125 0.08671875 0.19296875
0 0.3625 0.4515625 0.08359375 0.21015625
0 0.45390625 0.446875 0.08984375 0.18828125
0 0.55390625 0.43203125 0.090625 0.2109375
0 0.64296875 0.425 0.084375 0.2046875
0 0.728125 0.440625 0.08203125 0.17734375
0 0.26953125 0.65078125 0.08515625 0.1953125
0 0.3671875 0.65546875 0.09140625 0.20234375
0 0.46015625 0.659375 0.08984375 0.2109375
0 0.55703125 0.65859375 0.090625 0.21640625
0 0.64453125 0.63203125 0.0875 0.19453125
0 0.72734375 0.6296875 0.08046875 0.19765625
0 0.28125 0.84453125 0.0765625 0.184375
0 0.37578125 0.8515625 0.08828125 0.19921875
0 0.4640625 0.85703125 0.0890625 0.1984375
0 0.55859375 0.846875 0.0875 0.1890625
0 0.64453125 0.84296875 0.084375 0.18984375
0 0.721875 0.8125 0.0734375 0.1765625