0 0.73671875 0.2578125 0.08125 0.190625
0 0.6421875 0.259375 0.090625 0.1921875
0 0.546875 0.234375 0.0890625 0.19375
0 0.4515625 0.23125 0.08671875 0.184375
0 0.36328125 0.225 0.08828125 0.20234375
0 0.2796875 0.2375 0.0796875 0.18515625
0 0.7359375 0.45078125 0.08671875 0.19296875
0 0.6375 0.4515625 0.08359375 0.21015625
0 0.54609375 0.446875 0.08984375 0.18828125
0 0.44609375 0.43203125 0.090625 0.2109375
0 0.35703125 0.425 0.084375 0.2046875
0 0.271875 0.440625 0.08203125 0.17734375
0 0.73046875 0.65078125 0.08515625 0.1953125
0 0.6328125 0.65546875 0.09140625 0.20234375
0 0.53984375 0.659375 0.08984375 0.2109375
0 0.44296875 0.65859375 0.090625 0.21640625
0 0.35546875 0.63203125 0.0875 0.19453125
0 0.27265625 0.6296875 0.08046875 0.19765625
0 0.71875 0.84453125 0.0765625 0.184375
0 0.62421875 0.8515625 0.08828125 0.19921875
0 0.5359375 0.85703125 0.0890625 0.1984375
0 0.44140625 0.846875 0.0875 0.1890625
0 0.35546875 0.84296875 0.084375 0.18984375
0 0.278125 0.8125 0.0734375 0.1765625