1 0.74453125 0.275 0.0796875 0.18984375
1 0.6484375 0.2625 0.0890625 0.19765625
1 0.5546875 0.2484375 0.08671875 0.1890625
1 0.46015625 0.23671875 0.09296875 0.2078125
1 0.36953125 0.2328125 0.08828125 0.21171875
1 0.28671875 0.23828125 0.07890625 0.18828125
1 0.74140625 0.47734375 0.084375 0.20390625
1 0.6453125 0.4625 0.08984375 0.21171875
1 0.55078125 0.453125 0.09453125 0.215625
1 0.4515625 0.44609375 0.0890625 0.21640625
1 0.36328125 0.43203125 0.08359375 0.1953125
1 0.278125 0.43671875 0.08359375 0.20703125
1 0.73203125 0.67265625 0.08203125 0.19609375
1 0.63515625 0.66875 0.08671875 0.20546875
1 0.54375 0.671875 0.090625 0.20703125
1 0.446875 0.65078125 0.090625 0.2015625
1 0.359375 0.6359375 0.084375 0.196875
1 0.275 0.6296875 0.08125 0.190625
1 0.721875 0.85703125 0.0828125 0.18359375
1 0.6265625 0.86171875 0.08359375 0.190625
1 0.5375 0.8640625 0.08203125 0.175
1 0.44453125 0.8421875 0.084375 0.18515625
1 0.3578125 0.83515625 0.084375 0.18828125
1 0.2796875 0.80859375 0.071875 0.178125