0 0.73671875 0.26796875 0.08828125 0.19296875
0 0.6421875 0.2546875 0.08671875 0.2
0 0.54609375 0.2421875 0.0875 0.1859375
0 0.4515625 0.23984375 0.08828125 0.1921875
0 0.3640625 0.2359375 0.0828125 0.19296875
0 0.27890625 0.2359375 0.08359375 0.190625
0 0.7359375 0.46171875 0.07734375 0.2015625
0 0.63984375 0.45625 0.0890625 0.2
0 0.54375 0.44921875 0.0875 0.2125
0 0.44453125 0.42890625 0.08828125 0.19453125
0 0.35703125 0.428125 0.084375 0.19609375
0 0.2703125 0.425 0.08203125 0.19453125
0 0.271875 0.628125 0.07890625 0.1953125
0 0.3546875 0.63984375 0.084375 0.209375
0 0.4421875 0.6453125 0.0890625 0.21015625
0 0.5390625 0.659375 0.0875 0.21796875
0 0.63125 0.66171875 0.0875 0.203125
0 0.72890625 0.659375 0.084375 0.203125
0 0.7203125 0.846875 0.08203125 0.18671875
0 0.62421875 0.8578125 0.08203125 0.18046875
0 0.5359375 0.85859375 0.08359375 0.19296875
0 0.44140625 0.84453125 0.0875 0.19765625
0 0.35703125 0.8375 0.0796875 0.18359375
0 0.2765625 0.81484375 0.0796875 0.18203125