0 0.7375 0.26328125 0.08359375 0.1953125
0 0.64140625 0.24921875 0.08828125 0.2109375
0 0.5453125 0.24375 0.090625 0.20234375
0 0.45078125 0.24453125 0.0875 0.1875
0 0.36171875 0.24140625 0.08515625 0.1953125
0 0.27734375 0.240625 0.0828125 0.19453125
0 0.7359375 0.459375 0.08671875 0.20625
0 0.6390625 0.45859375 0.08984375 0.21171875
0 0.5453125 0.446875 0.09375 0.203125
0 0.446875 0.44140625 0.0890625 0.2015625
0 0.35546875 0.4421875 0.08828125 0.2046875
0 0.2734375 0.434375 0.07890625 0.190625
0 0.728125 0.66015625 0.08203125 0.18359375
0 0.6328125 0.6640625 0.08828125 0.1875
0 0.5390625 0.6625 0.090625 0.22265625
0 0.4421875 0.646875 0.09375 0.21015625
0 0.3546875 0.63984375 0.08125 0.196875
0 0.2703125 0.63515625 0.08203125 0.2
0 0.71875 0.85625 0.08203125 0.190625
0 0.625 0.85703125 0.090625 0.18671875
0 0.53359375 0.86015625 0.08359375 0.1875
0 0.440625 0.8453125 0.08984375 0.2
0 0.35625 0.8359375 0.0796875 0.18359375
0 0.27734375 0.8171875 0.07890625 0.1671875