0 0.26328125 0.26796875 0.08828125 0.19296875
0 0.3578125 0.2546875 0.08671875 0.2
0 0.45390625 0.2421875 0.0875 0.1859375
0 0.5484375 0.23984375 0.08828125 0.1921875
0 0.6359375 0.2359375 0.0828125 0.19296875
0 0.72109375 0.2359375 0.08359375 0.190625
0 0.2640625 0.46171875 0.07734375 0.2015625
0 0.36015625 0.45625 0.0890625 0.2
0 0.45625 0.44921875 0.0875 0.2125
0 0.55546875 0.42890625 0.08828125 0.19453125
0 0.64296875 0.428125 0.084375 0.19609375
0 0.7296875 0.425 0.08203125 0.19453125
0 0.728125 0.628125 0.07890625 0.1953125
0 0.6453125 0.63984375 0.084375 0.209375
0 0.5578125 0.6453125 0.0890625 0.21015625
0 0.4609375 0.659375 0.0875 0.21796875
0 0.36875 0.66171875 0.0875 0.203125
0 0.27109375 0.659375 0.084375 0.203125
0 0.2796875 0.846875 0.08203125 0.18671875
0 0.37578125 0.8578125 0.08203125 0.18046875
0 0.4640625 0.85859375 0.08359375 0.19296875
0 0.55859375 0.84453125 0.0875 0.19765625
0 0.64296875 0.8375 0.0796875 0.18359375
0 0.7234375 0.81484375 0.0796875 0.18203125