1 0.7421875 0.2640625 0.08203125 0.19921875
1 0.6484375 0.24453125 0.08828125 0.20390625
1 0.553125 0.24765625 0.090625 0.20703125
1 0.46015625 0.246875 0.08671875 0.19453125
1 0.37109375 0.2390625 0.08046875 0.18828125
1 0.28671875 0.240625 0.075 0.1921875
1 0.7421875 0.46328125 0.084375 0.19609375
1 0.646875 0.4578125 0.09140625 0.2328125
1 0.55078125 0.453125 0.090625 0.2125
1 0.45390625 0.4484375 0.090625 0.215625
1 0.36484375 0.43203125 0.0859375 0.21015625
1 0.28046875 0.42578125 0.08203125 0.1859375
1 0.7359375 0.665625 0.08125 0.203125
1 0.6390625 0.66796875 0.08515625 0.20234375
1 0.54609375 0.66171875 0.0890625 0.20859375
1 0.44921875 0.6515625 0.08984375 0.2
1 0.3625 0.63828125 0.08515625 0.20390625
1 0.278125 0.62421875 0.0828125 0.20859375
1 0.725 0.85 0.07890625 0.1796875
1 0.63125 0.85546875 0.0875 0.18046875
1 0.5421875 0.85703125 0.0875 0.18671875
1 0.4484375 0.84453125 0.08671875 0.1921875
1 0.3625 0.8328125 0.0859375 0.19921875
1 0.28359375 0.8109375 0.07421875 0.1703125